Legend
======
Order:       curve order
Px,Py,Pz:    coordinates of point P on the centerline
Tx,Ty,Tz:    coordinates of the direction of the Tangent vector to point P
Nx,Ny,Nz:    coordinates of the direction of the Normal vector to point P
BNx,BNy,BNz: coordinates of the direction of the Binormal vector to point P
Dfit:        diameter of the best fit circle in point P
Dmin:        diameter of the inscribing circle in point P
Dmax:        diameter of the subscribing circle in point P
C:           curvature in point P
Dh:          hydraulic diameter in point P
Xh:          hydraulic ratio in point P
Scf:         distance of circumference in point P
Area:        sectional area in point P
E:           ellipticity in point P


Order: Cubic

[Main Branch Set] Branch Segment 1:


        Px         Py         Pz         Tx         Ty         Tz         Nx         Ny         Nz        BNx        BNy        BNz
  -77.1034    85.7881   -15.0904    -0.4823    -0.2040     0.8519    -0.8683     0.2397    -0.4342    -0.1156    -0.9492    -0.2928
  -77.4781    85.6423   -14.4692    -0.5312    -0.1894     0.8258    -0.8368     0.2695    -0.4765    -0.1323    -0.9442    -0.3017
  -77.9221    85.4997   -13.8275    -0.5887    -0.1694     0.7904    -0.7952     0.2973    -0.5285    -0.1454    -0.9396    -0.3097
  -78.5011    85.3561   -13.1187    -0.6619    -0.1390     0.7366    -0.7314     0.3349    -0.5941    -0.1641    -0.9320    -0.3233
  -79.1989    85.2385   -12.4233    -0.7439    -0.0961     0.6613    -0.6412     0.3817    -0.6658    -0.1885    -0.9193    -0.3455
  -79.9912    85.1680   -11.7998    -0.8207    -0.0419     0.5698    -0.5269     0.4414    -0.7263    -0.2211    -0.8963    -0.3844
  -80.8466    85.1555   -11.2736    -0.8775     0.0174     0.4793    -0.3973     0.5336    -0.7466    -0.2687    -0.8456    -0.4613
  -81.7294    85.2004   -10.8349    -0.9065     0.0723     0.4160    -0.2298     0.7421    -0.6296    -0.3542    -0.6664    -0.6561
  -82.6041    85.2910   -10.4458    -0.9081     0.1135     0.4030     0.2955     0.8556     0.4250    -0.2966     0.5050    -0.8106
  -83.4401    85.4078   -10.0538    -0.8833     0.1334     0.4494     0.4624     0.0898     0.8821     0.0773     0.9870    -0.1410
  -84.2173    85.5277    -9.6081    -0.8304     0.1270     0.5426     0.5234    -0.1564     0.8376     0.1912     0.9795     0.0634
  -84.9284    85.6290    -9.0741    -0.7552     0.0958     0.6485     0.5980    -0.3046     0.7414     0.2686     0.9476     0.1727
  -85.5800    85.6959    -8.4427    -0.6793     0.0502     0.7321     0.6342    -0.4617     0.6201     0.3692     0.8856     0.2818
  -86.1905    85.7204    -7.7314    -0.6286     0.0029     0.7777     0.5214    -0.7404     0.4243     0.5770     0.6722     0.4639
  -86.7849    85.7029    -6.9783    -0.6171    -0.0380     0.7860    -0.2410    -0.9417    -0.2347     0.7491    -0.3343     0.5720
  -87.3897    85.6503    -6.2305    -0.6444    -0.0697     0.7615    -0.6780    -0.4084    -0.6112     0.3536    -0.9101     0.2159
  -88.0258    85.5728    -5.5309    -0.6999    -0.0921     0.7083    -0.6862    -0.1887    -0.7025     0.1983    -0.9777     0.0689
  -88.7047    85.4801    -4.9067    -0.7646    -0.1069     0.6356    -0.6254    -0.1157    -0.7717     0.1560    -0.9875     0.0216
  -89.4257    85.3776    -4.3631    -0.8184    -0.1189     0.5622    -0.5448    -0.1508    -0.8249     0.1828    -0.9814     0.0586
  -90.1762    85.2639    -3.8835    -0.8484    -0.1356     0.5116    -0.3883    -0.4973    -0.7758     0.3597    -0.8569     0.3693
  -90.9352    85.1312    -3.4358    -0.8501    -0.1650     0.5002     0.3222    -0.9141     0.2460     0.4166     0.3703     0.8302
  -91.6780    84.9656    -2.9829    -0.8220    -0.2122     0.5285     0.5178    -0.6648     0.5384     0.2371     0.7163     0.6563
  -92.3811    84.7507    -2.4932    -0.7645    -0.2769     0.5822     0.6081    -0.6093     0.5088     0.2139     0.7430     0.6342
  -93.0269    84.4708    -1.9494    -0.6842    -0.3533     0.6380     0.6828    -0.6176     0.3903     0.2562     0.7027     0.6638
  -93.6063    84.1143    -1.3523    -0.5956    -0.4336     0.6762     0.7208    -0.6601     0.2116     0.3546     0.6135     0.7057
  -94.1186    83.6763    -0.7189    -0.5141    -0.5121     0.6880     0.6943    -0.7195    -0.0167     0.5036     0.4691     0.7255
  -94.5699    83.1591    -0.0762    -0.4486    -0.5864     0.6745     0.5952    -0.7590    -0.2640     0.6667     0.2830     0.6895
  -94.9700    82.5716     0.5474    -0.4000    -0.6546     0.6415     0.4685    -0.7476    -0.4708     0.7877     0.1122     0.6057
  -95.3287    81.9272     1.1304    -0.3644    -0.7144     0.5973     0.3877    -0.6996    -0.6002     0.8467     0.0128     0.5319
  -95.6535    81.2403     1.6637    -0.3358    -0.7633     0.5520     0.4024    -0.6461    -0.6486     0.8517     0.0043     0.5240
  -95.9485    80.5240     2.1512    -0.3084    -0.7996     0.5152     0.5446    -0.5925    -0.5936     0.7799     0.0975     0.6182
  -96.2150    79.7877     2.6067    -0.2795    -0.8240     0.4929     0.7851    -0.4916    -0.3767     0.5527     0.2816     0.7843
  -96.4540    79.0361     3.0471    -0.2499    -0.8386     0.4840     0.9355    -0.3381    -0.1029     0.2499     0.4271     0.8690
  -96.6689    78.2700     3.4856    -0.2245    -0.8472     0.4815     0.9520    -0.2961    -0.0771     0.2079     0.4411     0.8730
  -96.8676    77.4877     3.9262    -0.2102    -0.8542     0.4755     0.4706    -0.5148    -0.7166     0.8569     0.0732     0.5102
  -97.0635    76.6878     4.3624    -0.2136    -0.8630     0.4579    -0.4475    -0.3302    -0.8311     0.8684    -0.3824    -0.3156
  -97.2744    75.8707     4.7789    -0.2382    -0.8735     0.4245    -0.6363    -0.1898    -0.7477     0.7337    -0.4482    -0.5106
  -97.5194    75.0409     5.1583    -0.2835    -0.8819     0.3766    -0.7086    -0.0719    -0.7019     0.6461    -0.4659    -0.6046
  -97.8149    74.2067     5.4884    -0.3437    -0.8821     0.3220    -0.7639     0.0632    -0.6423     0.5462    -0.4667    -0.6956
  -98.1699    73.3795     5.7683    -0.4092    -0.8702     0.2743    -0.8301     0.2303    -0.5078     0.3787    -0.4355    -0.8166
  -98.5834    72.5715     6.0123    -0.4687    -0.8473     0.2499    -0.8833     0.4461    -0.1444     0.0109    -0.2884    -0.9575
  -99.0430    71.7935     6.2480    -0.5122    -0.8180     0.2618    -0.5921     0.5571     0.5823    -0.6222     0.1433    -0.7696
  -99.5270    71.0522     6.5113    -0.5307    -0.7867     0.3155    -0.0452     0.3980     0.9163    -0.8464     0.4720    -0.2468
 -100.0079    70.3487     6.8379    -0.5170    -0.7542     0.4049     0.2783     0.2992     0.9127    -0.8094     0.5846     0.0552
 -100.4591    69.6783     7.2538    -0.4701    -0.7202     0.5103     0.4883     0.2694     0.8301    -0.7352     0.6394     0.2251
 -100.8600    69.0316     7.7686    -0.4002    -0.6878     0.6056     0.6521     0.2507     0.7155    -0.6440     0.6813     0.3482
 -101.2014    68.3965     8.3727    -0.3271    -0.6642     0.6722     0.7965     0.1890     0.5743    -0.5085     0.7233     0.4672
 -101.4873    67.7611     9.0396    -0.2698    -0.6562     0.7047     0.9416    -0.0266     0.3357    -0.2016     0.7541     0.6250
 -101.7341    67.1162     9.7320    -0.2402    -0.6654     0.7068     0.5510    -0.6929    -0.4651     0.7992     0.2777     0.5330
 -101.9668    66.4575    10.4116    -0.2428    -0.6879     0.6840    -0.3975    -0.5726    -0.7170     0.8849    -0.4460    -0.1345
 -102.2128    65.7858    11.0481    -0.2760    -0.7146     0.6427    -0.6486    -0.3550    -0.6732     0.7093    -0.6027    -0.3655
 -102.4957    65.1068    11.6266    -0.3313    -0.7342     0.5926    -0.7647    -0.1590    -0.6245     0.5528    -0.6600    -0.5087
 -102.8288    64.4290    12.1495    -0.3938    -0.7383     0.5476    -0.8491     0.0640    -0.5244     0.3521    -0.6715    -0.6520
 -103.2128    63.7613    12.6346    -0.4467    -0.7262     0.5225    -0.8942     0.3816    -0.2341    -0.0294    -0.5718    -0.8199
 -103.6348    63.1106    13.1090    -0.4768    -0.7043     0.5260    -0.4610     0.7098     0.5326    -0.7484     0.0115    -0.6631
 -104.0720    62.4796    13.6004    -0.4771    -0.6805     0.5562     0.3149     0.4585     0.8311    -0.8205     0.5716    -0.0045
 -104.4969    61.8663    14.1298    -0.4469    -0.6614     0.6024     0.6474     0.2256     0.7280    -0.6174     0.7153     0.3273
 -104.8839    61.2641    14.7055    -0.3922    -0.6513     0.6496     0.8265     0.0605     0.5597    -0.4038     0.7564     0.5145
 -105.2151    60.6633    15.3226    -0.3243    -0.6528     0.6846     0.9337    -0.1048     0.3424    -0.1518     0.7502     0.6435
 -105.4836    60.0532    15.9651    -0.2569    -0.6668     0.6995     0.9512    -0.3026     0.0608     0.1711     0.6810     0.7120
 -105.6949    59.4245    16.6122    -0.2021    -0.6915     0.6935     0.8093    -0.5167    -0.2793     0.5515     0.5048     0.6641
 -105.8640    58.7707    17.2443    -0.1672    -0.7226     0.6708     0.4723    -0.6559    -0.5888     0.8654     0.2184     0.4510
 -106.0106    58.0892    17.8489    -0.1539    -0.7538     0.6388     0.0682    -0.6531    -0.7542     0.9857    -0.0725     0.1519
 -106.1530    57.3814    18.4229    -0.1570    -0.7795     0.6064    -0.2424    -0.5648    -0.7888     0.9574    -0.2708    -0.1003
 -106.3027    56.6511    18.9715    -0.1665    -0.7969     0.5807    -0.3708    -0.4951    -0.7857     0.9137    -0.3462    -0.2130
 -106.4605    55.9035    19.5045    -0.1704    -0.8072     0.5652     0.1551    -0.5884    -0.7936     0.9731    -0.0475     0.2255
 -106.6160    55.1433    20.0302    -0.1580    -0.8150     0.5576     0.9278    -0.3158    -0.1987     0.3380     0.4859     0.8060
 -106.7497    54.3732    20.5513    -0.1223    -0.8254     0.5512     0.9555    -0.2481    -0.1596     0.2685     0.5072     0.8190
 -106.8376    53.5936    21.0616    -0.0613    -0.8415     0.5368     0.9328    -0.2397    -0.2692     0.3552     0.4842     0.7996
 -106.8577    52.8028    21.5471     0.0212    -0.8626     0.5055     0.8874    -0.2167    -0.4069     0.4605     0.4572     0.7609
 -106.7954    51.9980    21.9903     0.1149    -0.8840     0.4531     0.8225    -0.1711    -0.5424     0.5570     0.4350     0.7075
 -106.6476    51.1768    22.3762     0.2044    -0.9003     0.3843     0.7412    -0.1141    -0.6615     0.6394     0.4200     0.6440
 -106.4238    50.3386    22.6986     0.2746    -0.9091     0.3134     0.6485    -0.0656    -0.7584     0.7100     0.4115     0.5715
 -106.1445    49.4852    22.9643     0.3170    -0.9126     0.2581     0.5411    -0.0495    -0.8395     0.7789     0.4058     0.4782
 -105.8361    48.6218    23.1934     0.3310    -0.9145     0.2327     0.0784    -0.2191    -0.9725     0.9404     0.3402    -0.0009
 -105.5257    47.7557    23.4162     0.3213    -0.9150     0.2442    -0.5514     0.0289     0.8338    -0.7699    -0.4025    -0.4952
 -105.2343    46.8955    23.6654     0.2955    -0.9101     0.2904    -0.4540     0.1337     0.8809    -0.8406    -0.3921    -0.3737
 -104.9725    46.0496    23.9686     0.2639    -0.8949     0.3599    -0.3663     0.2522     0.8957    -0.8923    -0.3682    -0.2612
 -104.7383    45.2245    24.3402     0.2394    -0.8686     0.4338    -0.2207     0.3864     0.8955    -0.9455    -0.3101    -0.0992
 -104.5180    44.4235    24.7770     0.2339    -0.8380     0.4930     0.1195     0.5280     0.8408    -0.9649    -0.1377     0.2237
 -104.2900    43.6469    25.2589     0.2549    -0.8123     0.5246     0.8037     0.4797     0.3522    -0.5377     0.3318     0.7751
 -104.0298    42.8915    25.7535     0.3033    -0.7972     0.5219     0.9359     0.1461    -0.3206     0.1793     0.5857     0.7904
 -103.7161    42.1519    26.2246     0.3731    -0.7918     0.4835     0.8098     0.0235    -0.5863     0.4528     0.6103     0.6500
 -103.3358    41.4219    26.6413     0.4511    -0.7901     0.4151     0.6935     0.0175    -0.7203     0.5618     0.6127     0.5558
 -102.8867    40.6953    26.9859     0.5208    -0.7863     0.3324     0.5900     0.0502    -0.8058     0.6169     0.6158     0.4901
 -102.3778    39.9674    27.2583     0.5703    -0.7801     0.2573     0.4994     0.0807    -0.8626     0.6522     0.6204     0.4356
 -101.8267    39.2354    27.4748     0.5963    -0.7753     0.2082     0.4114     0.0725    -0.9086     0.6893     0.6274     0.3622
 -101.2554    38.4984    27.6629     0.6016    -0.7751     0.1931    -0.7441    -0.4559     0.4884    -0.2905    -0.4375    -0.8510
 -100.6852    37.7570    27.8529     0.5911    -0.7789     0.2096    -0.4925    -0.1426     0.8586    -0.6388    -0.6107    -0.4679
 -100.1318    37.0131    28.0690     0.5703    -0.7835     0.2467    -0.4842    -0.0780     0.8715    -0.6636    -0.6165    -0.4238
  -99.6023    36.2690    28.3230     0.5471    -0.7858     0.2883    -0.4855    -0.0173     0.8741    -0.6819    -0.6182    -0.3909
  -99.0941    35.5269    28.6110     0.5311    -0.7852     0.3185    -0.4270     0.0767     0.9010    -0.7319    -0.6145    -0.2946
  -98.5962    34.7895    28.9163     0.5305    -0.7824     0.3262     0.8047     0.3438    -0.4840     0.2665     0.5193     0.8120
  -98.0924    34.0595    29.2152     0.5492    -0.7767     0.3083     0.6665     0.1845    -0.7223     0.5041     0.6022     0.6190
  -97.5653    33.3406    29.4859     0.5848    -0.7650     0.2699     0.6544     0.2482    -0.7143     0.4795     0.5943     0.6457
  -97.0002    32.6377    29.7156     0.6304    -0.7433     0.2239     0.6736     0.3803    -0.6338     0.3860     0.5503     0.7404
  -96.3884    31.9573    29.9064     0.6782    -0.7105     0.1875     0.7124     0.5731    -0.4050     0.1803     0.4083     0.8949
  -95.7284    31.3076    30.0751     0.7228    -0.6683     0.1761     0.6681     0.7409     0.0695    -0.1769     0.0674     0.9819
  -95.0255    30.6980    30.2494     0.7607    -0.6183     0.1978     0.4519     0.7232     0.5223    -0.4660    -0.3079     0.8295
  -94.2894    30.1384    30.4600     0.7895    -0.5602     0.2509     0.2446     0.6621     0.7084    -0.5630    -0.4979     0.6597
  -93.5318    29.6386    30.7318     0.8073    -0.4928     0.3246     0.1102     0.6662     0.7376    -0.5798    -0.5597     0.5921
  -92.7625    29.2071    31.0761     0.8156    -0.4168     0.4013     0.0431     0.7354     0.6763    -0.5770    -0.5343     0.6178
  -91.9876    28.8506    31.4873     0.8206    -0.3353     0.4627     0.0605     0.8562     0.5132    -0.5682    -0.3932     0.7229
  -91.2076    28.5729    31.9428     0.8312    -0.2523     0.4955     0.1823     0.9655     0.1858    -0.5252    -0.0641     0.8485
  -90.4184    28.3747    32.4090     0.8537    -0.1705     0.4921     0.3277     0.9102    -0.2532    -0.4048     0.3774     0.8329
  -89.6125    28.2534    32.8488     0.8879    -0.0919     0.4509     0.3675     0.7312    -0.5747    -0.2769     0.6760     0.6829
  -88.7813    28.2029    33.2300     0.9263    -0.0197     0.3764     0.3186     0.5747    -0.7539    -0.2014     0.8182     0.5386
  -87.9185    28.2137    33.5319     0.9586     0.0408     0.2818     0.2330     0.4563    -0.8588    -0.1636     0.8889     0.4279
  -87.0217    28.2733    33.7469     0.9791     0.0849     0.1849     0.1450     0.3465    -0.9268    -0.1428     0.9342     0.3269
  -86.0940    28.3668    33.8796     0.9889     0.1105     0.0997     0.0753     0.2059    -0.9757    -0.1283     0.9723     0.1953
  -85.1441    28.4779    33.9402     0.9925     0.1185     0.0293     0.0301    -0.0049    -0.9995    -0.1183     0.9929    -0.0085
  -84.1850    28.5899    33.9385     0.9933     0.1110    -0.0323    -0.0051    -0.2378    -0.9713    -0.1155     0.9650    -0.2356
  -83.2318    28.6875    33.8772     0.9912     0.0901    -0.0972    -0.0584    -0.3607    -0.9308    -0.1190     0.9283    -0.3523
  -82.2996    28.7583    33.7494     0.9824     0.0583    -0.1774    -0.1437    -0.3707    -0.9176    -0.1193     0.9269    -0.3558
  -81.4012    28.7947    33.5401     0.9598     0.0195    -0.2799    -0.2582    -0.3286    -0.9085    -0.1096     0.9443    -0.3104
  -80.5446    28.7942    33.2317     0.9166    -0.0200    -0.3992    -0.3897    -0.2669    -0.8814    -0.0890     0.9635    -0.2525
  -79.7332    28.7604    32.8111     0.8541    -0.0519    -0.5176    -0.5170    -0.1941    -0.8337    -0.0571     0.9796    -0.1926
  -78.9653    28.7017    32.2774     0.7850    -0.0708    -0.6155    -0.6194    -0.1062    -0.7778    -0.0103     0.9918    -0.1272
  -78.2351    28.6296    31.6461     0.7267    -0.0759    -0.6828    -0.6835     0.0193    -0.7297     0.0685     0.9969    -0.0378
  -77.5346    28.5565    30.9485     0.6908    -0.0702    -0.7197    -0.6747     0.2954    -0.6764     0.2601     0.9528     0.1567
  -76.8550    28.4924    30.2257     0.6805    -0.0581    -0.7304     0.1666     0.9830     0.0770     0.7135    -0.1741     0.6787
  -76.1889    28.4424    29.5192     0.6930    -0.0448    -0.7195     0.6758     0.3879     0.6268     0.2510    -0.9206     0.2991
  -75.5309    28.4053    28.8596     0.7198    -0.0362    -0.6932     0.6928     0.1000     0.7142     0.0435    -0.9943     0.0971
  -74.8792    28.3726    28.2574     0.7472    -0.0399    -0.6634     0.6247    -0.2986     0.7215    -0.2269    -0.9536    -0.1982
  -74.2350    28.3308    27.6995     0.7589    -0.0617    -0.6483     0.0005    -0.9955     0.0953    -0.6512    -0.0726    -0.7554
  -73.6031    28.2633    27.1518     0.7414    -0.1021    -0.6633    -0.5206    -0.7112    -0.4724    -0.4235     0.6955    -0.5804
  -72.9907    28.1547    26.5685     0.6891    -0.1531    -0.7083    -0.6708    -0.5045    -0.5436    -0.2741     0.8498    -0.4503
  -72.4074    27.9947    25.9069     0.6096    -0.2017    -0.7666    -0.7703    -0.3791    -0.5127    -0.1872     0.9031    -0.3865
  -71.8638    27.7815    25.1420     0.5213    -0.2383    -0.8195    -0.8443    -0.2841    -0.4544    -0.1245     0.9287    -0.3493
  -71.3710    27.5237    24.2787     0.4414    -0.2612    -0.8585    -0.8942    -0.2074    -0.3967    -0.0744     0.9427    -0.3251
  -70.9400    27.2406    23.3575     0.3777    -0.2738    -0.8845    -0.9253    -0.1461    -0.3499    -0.0335     0.9506    -0.3085
  -70.5812    26.9591    22.4504     0.3311    -0.2800    -0.9011    -0.9436    -0.0986    -0.3160    -0.0004     0.9549    -0.2968
  -70.3035    26.7104    21.6497     0.2987    -0.2828    -0.9115    -0.9541    -0.0649    -0.2925     0.0236     0.9570    -0.2892
  -70.0662    26.4749    20.8892     0.2736    -0.2840    -0.9190    -0.9601    -0.0232    -0.2786     0.0578     0.9585    -0.2790

